  1	  1	  1	  4	124	  0	124	  3
  1	  5	  1	 14	124	  5	124	 14
  1	 15	  1	 18	124	 15	124	 18
  1	 20	  1	 34	124	 20	124	 34
  1	 35	  1	 39	124	 35	124	 39
125	  1	125	  4	126	  1	126	  4
125	  5	125	 14	126	  5	126	 14
125	 15	125	 18	126	 15	126	 18
125	 19	125	 34	126	 19	126	 34
125	 35	125	 39	126	 35	126	 39
  1	 71	  1	 71	 18	 71	 18	 71
  1	 72	  1	 82	 19	 72	 19	 82
  0	 83	  0	 89	 20	 83	 20	 89
126	 19	126	 34	125	 19	125	 34
126	 35	126	 39	125	 35	125	 39
125	 19	125	 34	  1	 19	  1	 34
125	 35	125	 39	  1	 35	  1	 39
 21	 71	 21	 72	 38	 71	 38	 72
 21	 72	 21	 84	 38	 72	 38	 84
 21	 85	 21	 89	 38	 85	 38	 89
  0	 40	  0	 44	127	 40	127	 44
  0	 90	  0	 94	 19	 90	 19	 94
  0	 65	  0	 69	127	 65	127	 69
 20	 90	 20	 94	 39	 90	 39	 94
 64	 70	 64	 79	127	 70	127	 79
126	 94	126	108	  1	 94	  1	108
126	109	126	113	  1	109	  1	113
  1	 94	  1	108	126	 94	126	108
  1	109	  1	113	126	109	126	113
