  1	  1	  1	  4	124	  0	124	  3
  1	  5	  1	 14	124	  5	124	 14
  1	 15	  1	 18	124	 15	124	 18
126	 45	126	 59	  1	 45	  1	 59
126	 60	126	 64	  1	 60	  1	 64
 21	 71	 21	 72	 38	 71	 38	 72
 21	 72	 21	 84	 38	 72	 38	 84
 21	 85	 21	 89	 38	 85	 38	 89
  1	 45	  1	 59	126	 45	126	 59
  1	 60	  1	 64	126	 60	126	 64
 21	 71	 21	 72	 38	 71	 38	 72
 21	 72	 21	 84	 38	 72	 38	 84
 21	 85	 21	 89	 38	 85	 38	 89
  0	 65	  0	 69	127	 65	127	 69
 20	 90	 20	 94	 39	 90	 39	 94
  0	 65	  0	 69	127	 65	127	 69
 20	 90	 20	 94	 39	 90	 39	 94
 64	 70	 64	 79	127	 70	127	 79
126	 94	126	108	  1	 94	  1	108
126	109	126	113	  1	109	  1	113
  1	 94	  1	108	126	 94	126	108
  1	109	  1	113	126	109	126	113
