-9.6	-1.4	 3.8	-9.6	-1.4	 1.1	 9.6	-1.4	 3.8	 9.6	-1.4	 1.1
 9.6	-1.4	 3.8	 9.6	-1.4	 1.1	 9.6	 1.4	 3.8	 9.6	 1.4	 1.1
 9.6	 1.4	 3.8	 9.6	 1.4	 1.1	-9.6	 1.4	 3.8	-9.6	 1.4	 1.1
-9.6	 1.4	 3.8	-9.6	 1.4	 1.1	-9.6	-1.4	 3.8	-9.6	-1.4	 1.1
-9.6	 1.4	 3.8	-9.6	-1.4	 3.8	 9.6	 1.4	 3.8	 9.6	-1.4	 3.8
-9.4	-1.2	 1.1	-9.4	-1.2	  .4	 9.4	-1.2	 1.1	 9.4	-1.2	  .4
 9.4	-1.2	 1.1	 9.4	-1.2	  .4	 9.4	 1.2	 1.1	 9.4	 1.2	  .4
 9.4	 1.2	 1.1	 9.4	 1.2	  .4	-9.4	 1.2	 1.1	-9.4	 1.2	  .4
-9.4	 1.2	 1.1	-9.4	 1.2	  .4	-9.4	-1.2	 1.1	-9.4	-1.2	  .4
-9.4	 1.2	 1.1	-9.4	-1.2	 1.1	 9.4	 1.2	 1.1	 9.4	-1.2	 1.1
 9.6	-1.3	 3.8	 9.6	-1.3	 1.1	-9.6	-1.3	 3.8	-9.6	-1.3	 1.1
-9.6	 1.3	 3.8	-9.6	 1.3	 1.1	 9.6	 1.3	 3.8	 9.6	 1.3	 1.1
