-9.6	 1.5	 3.7	-9.6	  .7	 3.8	 9.6	 1.5	 3.7	 9.6	  .7	 3.8
-9.6	  .7	 3.8	-9.6	 -.7	 3.8	 9.6	  .7	 3.8	 9.6	 -.7	 3.8
-9.6	 -.7	 3.8	-9.6	-1.5	 3.7	 9.6	 -.7	 3.8	 9.6	-1.5	 3.7
-9.6	-1.5	 3.7	-9.6	-1.5	 1.8	 9.6	-1.5	 3.7	 9.6	-1.5	 1.8
-9.6	-1.5	 1.8	-9.6	-1.4	 1.1	 9.6	-1.5	 1.8	 9.6	-1.4	 1.1
 9.6	 1.5	 3.7	 9.6	  .7	 3.8	 9.9	 1.3	 3.6	 9.9	  .7	 3.7
 9.6	  .7	 3.8	 9.6	 -.7	 3.8	 9.9	  .7	 3.7	 9.9	 -.7	 3.7
 9.6	 -.7	 3.8	 9.6	-1.5	 3.7	 9.9	 -.7	 3.7	 9.9	-1.3	 3.6
 9.6	-1.5	 3.7	 9.6	-1.5	 1.8	 9.9	-1.3	 3.7	 9.9	-1.3	 1.8
 9.6	-1.5	 1.8	 9.6	-1.4	 1.1	 9.9	-1.3	 1.8	 9.9	-1.2	 1.1
 9.9	 -.7	 3.7	 9.9	-1.3	 3.6	 9.9	  .7	 3.7	 9.9	 1.3	 3.6
 9.9	-1.3	 3.6	 9.9	-1.3	 1.8	 9.9	 1.3	 3.6	 9.9	 1.3	 1.8
 9.9	-1.3	 1.8	 9.9	-1.2	 1.1	 9.9	 1.3	 1.8	 9.9	 1.2	 1.1
 9.9	 1.3	 3.7	 9.9	 1.3	 1.8	 9.6	 1.5	 3.7	 9.6	 1.5	 1.8
 9.9	 1.3	 1.8	 9.9	 1.2	 1.1	 9.6	 1.5	 1.8	 9.6	 1.4	 1.1
 9.6	 1.5	 3.7	 9.6	 1.5	 1.8	-9.6	 1.5	 3.7	-9.6	 1.5	 1.8
 9.6	 1.5	 1.8	 9.6	 1.4	 1.1	-9.6	 1.5	 1.8	-9.6	 1.4	 1.1
-9.6	  .7	 3.8	-9.6	 1.5	 3.7	-9.6	 -.7	 3.8	-9.6	-1.5	 3.7
-9.6	 1.5	 3.7	-9.6	 1.5	 1.8	-9.6	-1.5	 3.7	-9.6	-1.5	 1.8
-9.6	 1.5	 1.8	-9.6	 1.4	 1.1	-9.6	-1.5	 1.8	-9.6	-1.4	 1.1
-9.4	-1.2	 1.1	-9.4	-1.2	  .4	 9.6	-1.2	 1.1	 9.6	-1.2	  .4
 9.7	-1.2	 1.1	 9.7	-1.2	  .4	 9.7	 1.2	 1.1	 9.7	 1.2	  .4
 9.6	 1.2	 1.1	 9.6	 1.2	  .4	-9.4	 1.2	 1.1	-9.4	 1.2	  .4
-9.4	 1.2	 1.1	-9.4	 1.2	  .4	-9.4	-1.2	 1.1	-9.4	-1.2	  .4
-9.4	 1.2	 1.1	-9.4	-1.2	 1.1	 9.7	 1.2	 1.1	 9.7	-1.2	 1.1
 9.6	-1.4	 3.7	 9.6	-1.4	 1.8	-9.6	-1.4	 3.7	-9.6	-1.4	 1.8
 9.6	-1.4	 1.8	 9.6	-1.3	 1.1	-9.6	-1.4	 1.8	-9.6	-1.3	 1.1
-9.6	 1.4	 3.7	-9.6	 1.4	 1.8	 9.6	 1.4	 3.7	 9.6	 1.4	 1.8
-9.6	 1.4	 1.8	-9.6	 1.3	 1.1	 9.6	 1.4	 1.8	 9.6	 1.3	 1.1
