  1	  1	  1	 18	126	  1	126	 18
  1	 20	  1	 21	 95	 20	 95	 21
  1	 21	  1	 44	 95	 21	 95	 44
 95	 20	 95	 21	110	 20	110	 21
 95	 21	 95	 44	110	 21	110	 44
110	 20	110	 21	120	 20	120	 21
110	 21	110	 44	120	 21	120	 44
120	 20	120	 21	127	 21
120	 21	120	 44	127	 21	127	 44
  1	100	  1	101	  9	100	  9	101
 10	100	 10	101	 18	100	 18	101
  1	 92	  1	 97	  9	 92	  9	 97
 10	 92	 10	 97	 18	 92	 18	 97
  1	 81	  1	 87	  9	 81	  9	 87
 10	 81	 10	 87	 18	 81	 18	 87
  1	 73	  1	 78	  9	 73	  9	 78
 10	 73	 10	 78	 18	 73	 18	 78
127	 21	120	 21	120	 20
127	 21	127	 44	120	 21	120	 44
120	 20	120	 21	110	 20	110	 21
120	 21	120	 44	110	 21	110	 44
110	 20	110	 21	 95	 20	 95	 21
110	 21	110	 44	 95	 21	 95	 44
 95	 20	 95	 21	  1	 20	  1	 21
 95	 21	 95	 44	  1	 21	  1	 44
 21	 73	 21	 74	 38	 73	 38	 74
 21	 74	 21	 90	 38	 74	 38	 90
 95	 21	 95	 44	  1	 21	  1	 44
  1	 21	  1	 44	 95	 21	 95	 44
