-9.6	 1.3	 3.8	-9.6	-1.3	 3.8	 9.6	 1.3	 3.8	 9.6	-1.3	 3.8
-9.6	-1.3	 3.8	-9.6	-1.4	 3.6	 9.6	-1.3	 3.8	 9.6	-1.4	 3.6
-9.6	-1.4	 3.6	-9.6	-1.4	  .4	 9.6	-1.4	 3.6	 9.6	-1.4	  .4
 9.6	-1.3	 3.8	 9.6	-1.4	 3.6	 9.6	 1.3	 3.8	 9.6	 1.4	 3.6
 9.6	-1.4	 3.6	 9.6	-1.4	  .4	 9.6	 1.4	 3.6	 9.6	 1.4	  .4
 9.6	 1.3	 3.8	 9.6	 1.4	 3.6	-9.6	 1.3	 3.8	-9.6	 1.4	 3.6
 9.6	 1.4	 3.6	 9.6	 1.4	  .4	-9.6	 1.4	 3.6	-9.6	 1.4	  .4
-9.6	 1.3	 3.8	-9.6	 1.4	 3.6	-9.6	-1.3	 3.8	-9.6	-1.4	 3.6
-9.6	 1.4	 3.6	-9.6	 1.4	  .4	-9.6	-1.4	 3.6	-9.6	-1.4	  .4
 9.6	-1.3	 3.6	 9.6	-1.3	  .4	-9.6	-1.3	 3.6	-9.6	-1.3	  .4
-9.6	 1.3	 3.6	-9.6	 1.3	  .4	 9.6	 1.3	 3.6	 9.6	 1.3	  .4
