-9.6	 1.3	 3.8	-9.6	-1.3	 3.8	 5.0	 1.3	 3.8	 5.0	-1.3	 3.8
-9.6	-1.3	 3.8	-9.6	-1.4	 3.6	 5.0	-1.3	 3.8	 5.0	-1.4	 3.6
-9.6	-1.4	 3.6	-9.6	-1.4	  .4	 5.0	-1.4	 3.6	 5.0	-1.4	  .4
 5.0	-1.3	 3.8	 5.0	-1.4	 3.6	 7.0	-1.3	 3.4	 7.0	-1.4	 3.2
 5.0	-1.4	 3.6	 5.0	-1.4	  .4	 7.0	-1.4	 3.2	 7.0	-1.4	  .4
 7.0	-1.3	 3.4	 7.0	-1.4	 3.2	 8.5	-1.3	 2.5	 8.5	-1.4	 2.3
 7.0	-1.4	 3.2	 7.0	-1.4	  .4	 8.5	-1.4	 2.3	 8.5	-1.4	  .4
 8.5	-1.3	 2.5	 8.5	-1.4	 2.3	 9.8	-1.1	 1.1
 8.5	-1.4	 2.3	 8.5	-1.4	  .4	 9.8	-1.1	 1.1	 9.6	-1.1	  .4
 9.8	-1.1	 1.1	 9.6	-1.1	  .4	10.2	  .0	 1.1	10.0	  .0	  .4
10.2	  .0	 1.1	10.0	  .0	  .4	 9.8	 1.1	 1.1	 9.6	 1.1	  .4
 8.5	-1.3	 2.5	 9.8	-1.1	 1.1	 8.8	  .0	 2.6	10.2	  .0	 1.1
 8.8	  .0	 2.6	10.2	  .0	 1.1	 8.5	 1.3	 2.5	 9.8	 1.1	 1.1
 7.0	-1.3	 3.4	 8.5	-1.3	 2.5	 7.2	  .0	 3.5	 8.8	  .0	 2.6
 7.2	  .0	 3.5	 8.8	  .0	 2.6	 7.0	 1.3	 3.4	 8.5	 1.3	 2.5
 5.0	-1.3	 3.8	 7.0	-1.3	 3.4	 5.0	  .0	 3.8	 7.2	  .0	 3.5
 5.0	  .0	 3.8	 7.2	  .0	 3.5	 5.0	 1.3	 3.8	 7.0	 1.3	 3.4
 9.8	 1.1	 1.1	 8.5	 1.4	 2.3	 8.5	 1.3	 2.5
 9.8	 1.1	 1.1	 9.6	 1.1	  .4	 8.5	 1.4	 2.3	 8.5	 1.4	  .4
 8.5	 1.3	 2.5	 8.5	 1.4	 2.3	 7.0	 1.3	 3.4	 7.0	 1.4	 3.2
 8.5	 1.4	 2.3	 8.5	 1.4	  .4	 7.0	 1.4	 3.2	 7.0	 1.4	  .4
 7.0	 1.3	 3.4	 7.0	 1.4	 3.2	 5.0	 1.3	 3.8	 5.0	 1.4	 3.6
 7.0	 1.4	 3.2	 7.0	 1.4	  .4	 5.0	 1.4	 3.6	 5.0	 1.4	  .4
 5.0	 1.3	 3.8	 5.0	 1.4	 3.6	-9.6	 1.3	 3.8	-9.6	 1.4	 3.6
 5.0	 1.4	 3.6	 5.0	 1.4	  .4	-9.6	 1.4	 3.6	-9.6	 1.4	  .4
-9.6	 1.3	 3.8	-9.6	 1.4	 3.6	-9.6	-1.3	 3.8	-9.6	-1.4	 3.6
-9.6	 1.4	 3.6	-9.6	 1.4	  .4	-9.6	-1.4	 3.6	-9.6	-1.4	  .4
 5.0	-1.3	 3.6	 5.0	-1.3	  .4	-9.6	-1.3	 3.6	-9.6	-1.3	  .4
-9.6	 1.3	 3.6	-9.6	 1.3	  .4	 5.0	 1.3	 3.6	 5.0	 1.3	  .4
